# assignment
# 一级标题
***
  我是
  一个
  文本块
	|zxt001|	zxt002|	zxt003|	zxt004|	zxt005	|zxt006	|zxt007	|zxt009	|zxt010|
 | ---------- | -----------| ---------- | -----------|---------- | -----------| ---------- | -----------|---------- |
|zxt001	|1.000000	|0.114363	|0.074588	|0.041540	|0.048922	|0.067696	|0.112714	|0.005062	|0.155504
zxt002	0.114363	1.000000	0.360689	0.106729	-0.200459	0.211662	0.037483	0.045399	-0.021925
zxt003	0.074588	0.360689	1.000000	0.090497	-0.093874	0.311218	0.022746	-0.004809	-0.015513
zxt004	0.041540	0.106729	0.090497	1.000000	-0.025781	0.086358	0.029592	0.291936	0.002592
zxt005	0.048922	-0.200459	-0.093874	-0.025781	1.000000	0.018528	0.017173	0.005381	0.056828
zxt006	0.067696	0.211662	0.311218	0.086358	0.018528	1.000000	0.095234	-0.011023	-0.007792
zxt007	0.112714	0.037483	0.022746	0.029592	0.017173	0.095234	1.000000	-0.002598	0.068623
zxt009	0.005062	0.045399	-0.004809	0.291936	0.005381	-0.011023	-0.002598	1.000000	-0.001133
zxt010	0.155504	-0.021925	-0.015513	0.002592	0.056828	-0.007792	0.068623	-0.001133	1.000000
